    -0.040039062 
    -0.023101807 
    -0.045257568 
    -0.053771973 
    -0.089080811 
    -0.099822998 
     -0.15786743 
     -0.16000366 
      0.22320557 
      0.30807495 
       0.1444397 
     0.087036133 
     0.032592773 
     -0.12731934 
     -0.16525269 
   -0.0035400391 
     0.035339355 
     0.042388916 
      0.09387207 
        0.109375 
    -0.028900146 
    -0.069641113 
     -0.03112793 
    -0.038238525 
    -0.031097412 
     0.047607422 
     0.084655762 
     0.020629883 
     0.012390137 
     0.030639648 
    0.0025939941 
    -0.026153564 
     0.026489258 
     0.019134521 
    0.0042114258 
     0.009552002 
      0.01449585 
     -0.03225708 
    -0.039520264 
    -0.027282715 
    -0.042022705 
    -0.045440674 
    -0.051239014 
     -0.04510498 
     -0.12057495 
      -0.1262207 
     -0.23782349 
    -0.013458252 
      0.36849976 
      0.26702881 
      0.12155151 
      0.06237793 
    -0.064788818 
     -0.20370483 
    -0.083343506 
     0.040405273 
     0.047058105 
     0.083892822 
      0.12319946 
     0.025665283 
    -0.090270996 
    -0.053344727 
    -0.039154053 
    -0.033874512 
     0.025268555 
     0.090545654 
     0.044250488 
   -0.0035705566 
   0.00036621094 
    -0.028564453 
    -0.029632568 
     0.058502197 
     0.068328857 
    0.0047607422 
    0.0091552734 
   -0.0039672852 
    -0.020690918 
    -0.023956299 
    -0.012023926 
    -0.034545898 
    -0.047302246 
    -0.025848389 
    -0.043457031 
    -0.050933838 
     -0.11752319 
     -0.12591553 
     -0.24642944 
    -0.073242188 
      0.38327026 
      0.28933716 
      0.13095093 
     0.075805664 
    -0.060424805 
     -0.21182251 
     -0.10131836 
     0.050292969 
     0.031860352 
     0.092254639 
      0.12493896 
     0.043792725 
    -0.097015381 
    -0.051849365 
    -0.041442871 
    -0.046173096 
     0.020935059 
     0.087158203 
     0.054626465 
   -0.0088500977 
     0.009979248 
    -0.032501221 
    -0.046966553 
      0.02130127 
      0.08493042 
     0.024536133 
       0.0184021 
     0.012817383 
    -0.034362793 
    -0.024078369 
    -0.017303467 
    -0.019744873 
    -0.049621582 
    -0.022094727 
     -0.03503418 
     -0.04989624 
    -0.072021484 
     -0.12234497 
     -0.15420532 
     -0.24038696 
      0.14233398 
      0.39587402 
      0.16159058 
      0.12567139 
     0.038970947 
     -0.12588501 
     -0.18954468 
    -0.020996094 
      0.04119873 
     0.021392822 
      0.12332153 
     0.098876953 
    -0.010437012 
    -0.085662842 
    -0.025878906 
    -0.055267334 
    -0.043426514 
     0.056030273 
     0.070404053 
     0.029418945 
   0.00036621094 
     0.013092041 
    -0.049407959 
     -0.03717041 
     0.055389404 
     0.050537109 
      0.01461792 
     0.028808594 
    0.0013427734 
    -0.041687012 
    -0.014801025 
    -0.015594482 
    -0.035461426 
    -0.041687012 
    -0.016662598 
    -0.033660889 
    -0.052001953 
    -0.069580078 
     -0.11987305 
     -0.17044067 
     -0.20788574 
       0.2069397 
      0.36508179 
      0.10873413 
      0.14813232 
     0.026672363 
     -0.14523315 
     -0.15881348 
    -0.021728516 
       0.0340271 
    0.0043640137 
      0.13510132 
     0.099029541 
    -0.027587891 
    -0.053924561 
    -0.029998779 
    -0.059356689 
    -0.054351807 
     0.055114746 
     0.062438965 
     0.017669678 
     0.025939941 
     0.011901855 
    -0.048217773 
    -0.036315918 
     0.053771973 
     0.039855957 
    0.0055236816 
     0.031829834 
   -0.0058288574 
    -0.033935547 
    -0.013885498 
    -0.020751953 
    -0.039001465 
    -0.042724609 
    -0.012664795 
     -0.03604126 
    -0.051147461 
    -0.072937012 
     -0.12023926 
     -0.17910767 
     -0.17483521 
       0.2461853 
      0.32778931 
     0.079071045 
      0.16308594 
     0.016052246 
     -0.16027832 
     -0.12936401 
    -0.027984619 
     0.023895264 
   -0.0040588379 
      0.12872314 
      0.10247803 
    -0.042602539 
    -0.027313232 
    -0.032501221 
    -0.065765381 
     -0.04788208 
     0.039978027 
     0.063873291 
    0.0085449219 
     0.036560059 
     0.018951416 
    -0.051361084 
    -0.029205322 
     0.039031982 
     0.032684326 
     0.005279541 
     0.036712646 
    0.0014648438 
    -0.039489746 
   -0.0067443848 
    -0.019744873 
    -0.037414551 
    -0.034820557 
    -0.016784668 
    -0.032531738 
    -0.057098389 
    -0.059631348 
     -0.11419678 
     -0.15802002 
     -0.18865967 
      0.15655518 
      0.36193848 
     0.092010498 
      0.14096069 
     0.073394775 
     -0.14736938 
     -0.13269043 
    -0.057159424 
     0.026855469 
   -0.0037536621 
     0.091247559 
      0.14099121 
    -0.022216797 
    -0.035644531 
    -0.023162842 
    -0.064117432 
    -0.056976318 
     0.011322021 
     0.075958252 
      0.02142334 
     0.023681641 
     0.035980225 
    -0.038696289 
    -0.046539307 
    0.0034484863 
      0.04296875 
     0.036804199 
     0.031585693 
     0.025939941 
    -0.030517578 
    -0.029052734 
   -0.0092468262 
    -0.027069092 
     -0.02734375 
    -0.025360107 
      -0.0184021 
    -0.048858643 
    -0.054718018 
    -0.096191406 
     -0.14163208 
     -0.21487427 
    -0.032501221 
      0.38272095 
      0.22042847 
     0.085632324 
      0.13018799 
    -0.086791992 
     -0.16955566 
     -0.11758423 
      0.03225708 
      0.03012085 
     0.042419434 
      0.16397095 
     0.037261963 
    -0.060852051 
    -0.052581787 
    -0.043395996 
    -0.055114746 
    -0.020812988 
     0.091064453 
     0.058776855 
     0.011444092 
     0.017303467 
    -0.015991211 
    -0.056182861 
    -0.024993896 
     0.056274414 
     0.054779053 
     0.040863037 
     0.030273438 
    -0.019134521 
    -0.039764404 
    -0.020172119 
   -0.0034790039 
    -0.022277832 
    -0.027038574 
    -0.011077881 
    -0.049499512 
    -0.055267334 
     -0.10296631 
     -0.13238525 
     -0.22750854 
    -0.065826416 
      0.40383911 
      0.27258301 
     0.085998535 
     0.066162109 
    -0.069549561 
     -0.18478394 
     -0.14468384 
     0.082611084 
     0.065246582 
     0.074768066 
      0.11495972 
     0.042999268 
    -0.089630127 
     -0.10638428 
   -0.0057067871 
    -0.029785156 
     0.016540527 
     0.079742432 
     0.076324463 
    -0.013275146 
    -0.037506104 
   -0.0099487305 
    -0.045318604 
    -0.015930176 
     0.062927246 
     0.092254639 
     0.018615723 
   0.00088500977 
    -0.011505127 
    -0.046386719 
    -0.021820068 
    0.0082397461 
    0.0043945312 
    -0.035003662 
    -0.011810303 
     -0.04510498 
    -0.066955566 
    -0.096282959 
     -0.11251831 
     -0.17489624 
     -0.18933105 
      0.24194336 
      0.40826416 
      0.15151978 
   -0.0087890625 
    -0.038085938 
     -0.13052368 
     -0.17358398 
     0.019012451 
      0.14041138 
     0.094451904 
      0.03427124 
       0.0390625 
    -0.054870605 
     -0.12216187 
     -0.04006958 
     0.044250488 
     0.039337158 
     0.031646729 
     0.057037354 
    0.0015258789 
    -0.063049316 
    -0.039031982 
      0.01260376 
     0.018737793 
      0.04385376 
     0.064605713 
     0.018554688 
    -0.028198242 
    -0.014190674 
   -0.0061340332 
    -0.017089844 
   -0.0067138672 
     0.011077881 
    -0.023101807 
    -0.034362793 
    -0.040435791 
     -0.05645752 
     -0.09274292 
     -0.10803223 
      -0.1416626 
     -0.22164917 
      0.11346436 
      0.45028687 
      0.25146484 
     -0.04598999 
    -0.094329834 
    -0.088134766 
     -0.14431763 
    -0.030822754 
      0.16348267 
      0.15432739 
               0 
    -0.042327881 
    -0.038787842 
    -0.086914062 
    -0.058624268 
      0.05947876 
     0.094512939 
     0.017181396 
    -0.013000488 
   -0.0017700195 
    -0.039703369 
    -0.049987793 
     0.020111084 
     0.067443848 
     0.035949707 
     0.018585205 
     0.020324707 
    -0.013793945 
    -0.032440186 
   -0.0040588379 
    0.0061035156 
    -0.012939453 
    -0.010314941 
    -0.015167236 
    -0.031097412 
    -0.062744141 
    -0.058868408 
     -0.07800293 
     -0.10855103 
      -0.1817627 
      -0.1968689 
      0.18469238 
      0.46398926 
      0.22363281 
    -0.095581055 
     -0.13638306 
    -0.081939697 
    -0.092956543 
  -0.00012207031 
      0.16925049 
      0.15896606 
    -0.024078369 
    -0.099517822 
    -0.051208496 
    -0.037017822 
    -0.026519775 
     0.057983398 
      0.10217285 
     0.017211914 
    -0.056182861 
    -0.032836914 
   -0.0071716309 
    -0.016021729 
     0.020751953 
     0.073791504 
     0.050323486 
   -0.0078430176 
     -0.01864624 
   -0.0029602051 
    -0.012115479 
   -0.0073242188 
    0.0065917969 
  -0.00076293945 
    -0.028564453 
    -0.033172607 
    -0.028106689 
    -0.054626465 
    -0.072296143 
    -0.090698242 
     -0.10281372 
     -0.20806885 
     -0.12811279 
      0.30987549 
      0.46124268 
      0.11444092 
     -0.19003296 
     -0.13952637 
    -0.027893066 
     -0.04083252 
     0.019195557 
      0.16769409 
      0.13693237 
    -0.070983887 
     -0.14007568 
    -0.033355713 
      0.02444458 
  -0.00067138672 
      0.03604126 
     0.085968018 
     0.018218994 
      -0.0753479 
    -0.053070068 
     0.019195557 
     0.027648926 
     0.021209717 
     0.041564941 
     0.042694092 
     0.006439209 
    -0.017425537 
    -0.011230469 
   -0.0072631836 
    -0.008605957 
   -0.0013427734 
    0.0040588379 
    -0.026702881 
    -0.046295166 
    -0.045928955 
    -0.043457031 
    -0.073272705 
     -0.10488892 
     -0.15249634 
     -0.20379639 
      0.06237793 
      0.43460083 
      0.35791016 
    -0.047576904 
     -0.23773193 
    -0.092315674 
     0.024871826 
    0.0026245117 
      0.04788208 
      0.15533447 
     0.082763672 
     -0.11029053 
     -0.13717651 
    0.0036315918 
     0.067932129 
     0.017669678 
     0.017883301 
     0.057952881 
     0.013153076 
    -0.070831299 
    -0.050994873 
     0.039855957 
      0.07131958 
     0.031982422 
      0.01361084 
     0.017272949 
   -0.0057983398 
    -0.024780273 
  -0.00039672852 
     0.017669678 
    -0.011871338 
    -0.028656006 
    -0.017242432 
    -0.014068604 
    -0.050140381 
    -0.063659668 
     -0.06552124 
    -0.087249756 
     -0.16094971 
     -0.21646118 
     0.066772461 
      0.44406128 
      0.36804199 
    -0.050872803 
     -0.25784302 
    -0.098480225 
     0.050994873 
      0.01864624 
     0.021850586 
      0.13198853 
      0.10565186 
    -0.085754395 
     -0.15826416 
     -0.01776123 
     0.091094971 
     0.041046143 
   -0.0056152344 
     0.033966064 
     0.038116455 
    -0.042816162 
    -0.069854736 
     0.022033691 
      0.09387207 
     0.050720215 
   -0.0063781738 
   -0.0036621094 
    0.0059509277 
    -0.011901855 
    -0.008392334 
    0.0081787109 
   -0.0037536621 
    -0.032592773 
    -0.030487061 
     -0.01940918 
    -0.046203613 
    -0.069946289 
    -0.084899902 
    -0.093902588 
      -0.1895752 
     -0.16186523 
      0.21878052 
      0.48605347 
      0.24255371 
     -0.18389893 
     -0.25177002 
    -0.019073486 
     0.079986572 
    0.0027160645 
     0.027832031 
      0.14367676 
     0.074920654 
     -0.12597656 
     -0.15103149 
     0.021484375 
      0.10754395 
      0.02746582 
    -0.021759033 
     0.031402588 
     0.037139893 
    -0.045959473 
    -0.052581787 
     0.050109863 
     0.096832275 
     0.026611328 
    -0.031097412 
    -0.013366699 
    0.0079956055 
   -0.0053710938 
    -0.015472412 
   -0.0043029785 
    -0.021209717 
    -0.043365479 
    -0.046661377 
    -0.036224365 
    -0.062927246 
      -0.1072998 
     -0.15026855 
     -0.20782471 
   -0.0076599121 
      0.36813354 
        0.418396 
     0.058288574 
     -0.25375366 
     -0.17739868 
     0.035675049 
     0.059326172 
   -0.0057983398 
     0.062011719 
      0.13482666 
     0.013305664 
     -0.15133667 
     -0.11004639 
     0.054595947 
     0.089782715 
     0.006652832 
    -0.014465332 
      0.03616333 
     0.018035889 
    -0.051116943 
    -0.027526855 
     0.065185547 
     0.076019287 
  -0.00042724609 
    -0.034362793 
   -0.0043640137 
     0.010345459 
    -0.018157959 
    -0.025634766 
    -0.010192871 
    -0.019470215 
    -0.048187256 
    -0.057556152 
    -0.046142578 
    -0.080657959 
     -0.12704468 
     -0.20489502 
     -0.14239502 
      0.21411133 
      0.45257568 
        0.246521 
     -0.14437866 
      -0.2449646 
    -0.051208496 
     0.066497803 
    0.0085449219 
    0.0099487305 
      0.12051392 
      0.10446167 
    -0.073516846 
     -0.15512085 
    -0.027587891 
     0.089813232 
     0.050079346 
     -0.01739502 
     0.014404297 
     0.049377441 
   -0.0040588379 
    -0.043579102 
     0.013031006 
     0.073181152 
     0.036529541 
    -0.023376465 
    -0.018554688 
     0.013366699 
   -0.0039367676 
    -0.031646729 
    -0.024749756 
     -0.01473999 
    -0.034942627 
    -0.059539795 
    -0.053710938 
    -0.074066162 
     -0.11672974 
     -0.20788574 
      -0.1612854 
      0.19439697 
      0.45059204 
      0.26068115 
     -0.12588501 
       -0.234375 
    -0.054626465 
     0.051513672 
   -0.0089416504 
   0.00094604492 
      0.12487793 
      0.11679077 
    -0.062286377 
     -0.15145874 
    -0.032928467 
     0.078796387 
     0.040039062 
    -0.019592285 
     0.020965576 
     0.059173584 
   -0.0040893555 
    -0.050018311 
     0.019317627 
     0.079742432 
     0.026611328 
    -0.037231445 
    -0.013671875 
     0.029571533 
   -0.0016784668 
    -0.043182373 
    -0.033294678 
    -0.011413574 
    -0.035644531 
    -0.059753418 
    -0.053833008 
    -0.077545166 
     -0.13278198 
     -0.22991943 
     -0.11297607 
      0.27590942 
       0.4475708 
      0.17941284 
     -0.16564941 
     -0.18759155 
    -0.019042969 
     0.016296387 
    -0.040344238 
     0.037963867 
      0.16223145 
      0.08770752 
     -0.10028076 
     -0.12432861 
    0.0090942383 
     0.060333252 
   -0.0020446777 
   -0.0061950684 
      0.06854248 
      0.06149292 
     -0.02545166 
    -0.030639648 
     0.041900635 
     0.045501709 
    -0.015777588 
    -0.022155762 
     0.026580811 
     0.016876221 
    -0.038635254 
    -0.046386719 
    -0.017242432 
    -0.028503418 
    -0.065490723 
    -0.053314209 
    -0.061035156 
     -0.11361694 
     -0.21817017 
     -0.17672729 
        0.184021 
      0.43762207 
      0.25805664 
    -0.081237793 
     -0.16867065 
    -0.051452637 
    -0.018798828 
    -0.059844971 
      0.02255249 
      0.15701294 
      0.10723877 
    -0.060974121 
     -0.09765625 
   -0.0040893555 
     0.020996094 
    -0.023529053 
    0.0069885254 
     0.085754395 
     0.072967529 
   -0.0054931641 
    -0.021148682 
     0.022033691 
     0.020446777 
    -0.013885498 
   -0.0022583008 
     0.029266357 
    0.0042724609 
    -0.035217285 
    -0.033447266 
    -0.022338867 
    -0.050201416 
    -0.070281982 
    -0.043762207 
    -0.062255859 
     -0.12112427 
     -0.22491455 
     -0.14874268 
      0.22064209 
      0.41699219 
      0.21072388 
    -0.070129395 
     -0.11212158 
    -0.046936035 
    -0.070892334 
    -0.073272705 
      0.06137085 
       0.1574707 
     0.061462402 
    -0.054168701 
    -0.035797119 
    0.0051269531 
    -0.036682129 
    -0.040344238 
     0.048553467 
     0.090759277 
     0.039031982 
    0.0032348633 
     0.033721924 
     0.027862549 
    -0.029174805 
    -0.028991699 
     0.024871826 
     0.025115967 
    -0.018707275 
    -0.025939941 
    -0.021270752 
    -0.049713135 
    -0.082366943 
    -0.048187256 
    -0.055541992 
     -0.11422729 
      -0.1895752 
     -0.19143677 
      0.10256958 
       0.3717041 
      0.27694702 
     0.033935547 
    -0.066558838 
     -0.06842041 
     -0.10342407 
    -0.085906982 
     0.040588379 
      0.12606812 
     0.067749023 
    0.0015258789 
   0.00088500977 
    -0.019592285 
    -0.065124512 
    -0.033966064 
     0.043273926 
     0.058197021 
     0.049560547 
     0.057830811 
     0.034545898 
    -0.020294189 
    -0.027160645 
    0.0037231445 
    0.0074768066 
      -0.0078125 
    0.0012817383 
    0.0037231445 
    -0.035400391 
    -0.061004639 
    -0.066101074 
    -0.052124023 
    -0.082305908 
     -0.11242676 
     -0.15933228 
     -0.19616699 
     0.070648193 
      0.34286499 
      0.25524902 
